626 2400
252 1300
163 900
671 2500
995 3400
689 2400
794 2800
48077 129800
350 1800
313 1500
964 3700
45924 135700
209 1100
765 2900
938 3300
24 500
215 1100
565 2300
179 1000
751 2800
195 1100
598 2200
785 2800
143 900
427 1800
75 800
960 3300
479 1900
340 1400
455 1900
42942 120400
734 2700
425 1900
348 1400
652 2600
91528 286600
816 3200
79028 232700
641 2400
690 2500
634 2400
434 1900
478 1900
43577 128000
200 1000
838 3200
284 1300
836 2900
779 2700
253 1200
660 2300
7841 25200
155 1000
186 900
69589 204500
31357 84700
656 2400
827 2900
572 2300
47135 131100
750 2600
815 3000
507 2000
709 2700
93134 273800
179 1200
783 3100
50078 162300
847 3000
777 2900
73398 215500
146 900
89708 263700
6 400
36 600
783 2800
589 2400
749 3000
85938 252500
661 2500
55 500
626 2500
688 2600
478 1900
462 1800
847 3000
88285 259300
53 800
205 1000
17898 52800
50694 178200
528 2100
353 1600
482 2200
683 2500
740 2700
33389 98100
51742 152000
845 3200
241 1200
