27118 470768100
280 89600
80721 4591138900
26319 504246100
65 4600
68 5700
82100 4739096900
552 207900
409 113200
936 573200
352 87900
965 625500
50 2600
752 387300
363 93200
850 485800
758 636900
698 391500
938 668700
42 2600
26447 500728500
253 43600
363 93400
713 420400
493 238900
20 900
298 59700
35 1700
62827 3426035400
332 91200
798 425500
65 5500
983 673700
761 390000
72 5900
900 732700
484 176600
186 27600
795 447400
798 675500
953 829900
370 98000
494 166900
183 63300
807 479800
423 125200
826 464400
238 40200
86917 7245776700
327 78700
26465 533775800
205 32300
24900 468316200
363 104200
662 354700
442 164600
26710 470874000
4841 15576500
772 433200
717 353400
992 714100
14 700
881 618400
295 65000
106 9800
3131 6519900
948 665900
94750 6337705500
77575 3901673200
859 556300
220 32100
766 437700
644 352200
685 373400
5530 19413100
406 203700
462 190800
92 7200
264 51400
474 170900
758 481900
912 579000
79259 4142493600
59810 2274426000
583 268200
962 707500
13 600
434 118500
548 274300
344 78000
560 283600
98 6700
89 6100
100 8400
852 537000
349 82700
552 272100
192 24300
141 14100
74 4800
62458 2588434000
49149 1557159800
796 472600
163 41500
357 88500
702 416800
969 684900
590 306300
354 81200
361 81800
952 650000
46 2500
775 450000
128 11600
713 390100
151 15500
38836 962355000
745 452200
518 276400
24 1000
41973 1122649300
24242 370126400
961 663900
35117 815263900
78688 4042067100
121 11900
73 4900
118 10200
249 40600
534 180200
62922 2615159900
801 504200
849 580700
38 2200
111 13500
21 1100
48563 1578459900
318 86400
163 19400
42404 1157360600
65164 2680497000
272 53000
187 26100
222 36100
996 680700
834 511000
37784 966705500
438 160000
849 563700
239 40400
