536 391800
640 597600
979 1353700
11 600
64337 5331050000
448 294500
27691 1038466600
133 26700
865 1015000
46439 2813611400
692 835700
516 461700
844 988100
306 156500
551 451300
155 32000
422 318800
560 490300
672 628100
840 927100
482 353400
538 591300
108 16300
555 427900
699 754400
17235 377497500
946 1153500
74 8400
106 16200
812 860100
95971 11867990000
229 70900
883 1049300
673 631900
358 235700
3791 19351900
790 882700
947 1315400
175 38000
356 187000
714 1099300
162 36500
92947 11262015700
839 1113400
96569 12016514200
944 1233800
11238 158979100
938 1205900
55 4400
507 397300
492 428500
245 85400
85425 9423362400
846 1001100
371 253500
10309 134947300
968 1176500
18048 426214900
918 1148200
234 67200
475 354900
128 20700
34 2000
34000 1483026000
427 256000
24744 809282200
951 1189400
470 329600
25291 866227100
430 282800
7048 63471300
51 4300
26427 888308600
725 715700
500 390300
834 922800
255 81100
427 292700
42 2700
995 1442100
876 1124900
152 33700
437 317300
369 180800
51696 3392740100
53514 3759567800
27159 951016400
315 132900
652 561300
981 1210300
741 712000
533 446300
475 396200
958 1854400
22 1100
69 8300
980 1218900
97039 12475819300
528 430000
712 710700
