626 131400
252 38600
163 19500
671 132800
995 353800
689 119300
794 227800
48077 12201800
350 124700
313 64800
964 244000
45924 9950600
209 28500
765 236000
938 290900
24 2300
215 28200
565 94600
179 21400
751 207700
195 23200
598 171300
785 175400
143 17600
427 62100
75 8900
960 190200
479 90700
340 55400
455 67600
42942 10209400
734 135300
425 95500
348 46500
652 101600
91528 23153000
816 228000
79028 17260900
641 191600
690 128600
634 103900
434 68100
478 94000
43577 9998100
200 26500
838 231700
284 39200
836 189300
779 134700
253 35500
660 129300
7841 1566900
155 19500
186 21900
69589 16984200
31357 8435600
656 140600
827 200300
572 182100
47135 11985100
750 219500
815 246400
507 102200
709 208800
93134 24645000
179 25600
783 145800
50078 10444800
847 191800
777 146400
73398 17197100
146 20900
89708 22555600
6 900
36 5000
783 144500
589 116000
749 143300
85938 25140300
661 104500
55 6500
626 108300
688 126200
478 71700
462 65900
847 182100
88285 25127000
53 8200
205 37000
17898 4626300
50694 13816400
528 97100
353 57500
482 76800
683 127300
740 162400
33389 9298700
51742 13037700
845 142200
241 34700
