27118 9562200
280 57100
80721 28032500
26319 6663900
65 9000
68 4400
82100 27433400
552 96500
409 66300
936 168700
352 52000
965 195400
50 6000
752 148100
363 57100
850 169900
758 134700
698 127900
938 161200
42 5100
26447 7223700
253 37600
363 56900
713 153300
493 91500
20 2500
298 59900
35 2000
62827 17677000
332 53900
798 147800
65 8400
983 198700
761 200200
72 8900
900 234900
484 95900
186 32800
795 163900
798 156800
953 198600
370 91000
494 97700
183 32700
807 157300
423 91500
826 228900
238 32200
86917 26529800
327 50200
26465 7461300
205 29600
24900 6624900
363 53700
662 184400
442 68700
26710 7178200
4841 1198600
772 171700
717 177500
992 285900
14 900
881 182200
295 89600
106 12200
3131 734800
948 244300
94750 30074100
77575 24627400
859 157100
220 32400
766 148600
644 287500
685 132200
5530 1450800
406 65200
462 75700
92 12400
264 39700
474 88000
758 141400
912 174700
79259 25307100
59810 18235500
583 119000
962 619600
13 800
434 62300
548 78600
344 49700
560 83700
98 12000
89 43400
100 14700
852 146100
349 73400
552 317300
192 31000
141 18000
74 97400
62458 18973400
49149 14027200
796 244300
163 20700
357 50100
702 112500
969 238800
590 89200
354 79400
361 114600
952 244600
46 2900
775 151300
128 15600
713 137800
151 19600
38836 13049100
745 208800
518 76000
24 2700
41973 11921500
24242 6008800
961 275800
35117 10122000
78688 25584100
121 16300
73 8800
118 15000
249 39400
534 92900
62922 17980300
801 238600
849 176900
38 2100
111 14300
21 1200
48563 12789500
318 46000
163 21400
42404 12574700
65164 26385300
272 45000
187 28500
222 33900
996 206400
834 153300
37784 12045300
438 78100
849 179000
239 35800
