536 409000
640 672700
979 1633100
11 1000
64337 5490413300
448 375200
27691 1119845500
133 26200
865 991800
46439 2851120900
692 665300
516 408200
844 949400
306 210700
551 405900
155 34200
422 324400
560 516500
672 670100
840 931600
482 361600
538 462900
108 15600
555 453100
699 674400
17235 383382400
946 1153700
74 8800
106 17100
812 869400
95971 13900018500
229 75800
883 1071600
673 644100
358 173000
3791 18958300
790 890100
947 1261000
175 43200
356 171900
714 700600
162 37400
92947 14056607300
839 2270600
96569 17567375400
944 2602400
11238 254112800
938 1223300
55 5000
507 451800
492 400900
245 80200
85425 12052612800
846 1028400
371 255900
10309 142384100
968 1675600
18048 436689100
918 1070800
234 76100
475 332000
128 23700
34 2200
34000 1514134400
427 321100
24744 761987400
951 1239200
470 343400
25291 799800500
430 347500
7048 60780100
51 4600
26427 897619400
725 755200
500 372100
834 1014800
255 116700
427 259900
42 3300
995 1394300
876 1024700
152 33300
437 287400
369 196200
51696 3382264500
53514 3575058300
27159 921018700
315 170600
652 625900
981 1442800
741 744600
533 432400
475 357000
958 1188200
22 1000
69 6900
980 1248600
97039 12644660900
528 535200
712 760900
