626 52400
252 22200
163 11800
671 50900
995 78300
689 74700
794 62900
48077 5041900
350 24700
313 22500
964 73100
45924 5049800
209 18500
765 62800
938 76200
24 1800
215 16700
565 45900
179 13200
751 59800
195 14400
598 49500
785 64600
143 10000
427 33300
75 5500
960 79700
479 36100
340 27000
455 35700
42942 4322600
734 54900
425 30600
348 25100
652 51300
91528 9775800
816 87100
79028 8378300
641 47800
690 53500
634 46200
434 31000
478 33800
43577 5043900
200 15200
838 62900
284 21300
836 60900
779 59300
253 17500
660 50200
7841 1008600
155 11400
186 13200
69589 8206200
31357 3371600
656 47800
827 63900
572 41200
47135 5201900
750 67800
815 80600
507 44200
709 59400
93134 13046500
179 15400
783 69100
50078 5918200
847 71600
777 63400
73398 8692800
146 12100
89708 10731400
6 1600
36 3200
783 63300
589 67300
749 55200
85938 9246700
661 49600
55 4400
626 44700
688 51600
478 35100
462 32700
847 63500
88285 9716900
53 4000
205 13900
17898 1639900
50694 5134600
528 39500
353 25600
482 35600
683 51600
740 54300
33389 3597400
51742 5180600
845 63800
241 17300
