536 41000
640 80600
979 100900
11 1200
64337 8606500
448 36200
27691 3465800
133 12600
865 70800
46439 5048100
692 60200
516 65200
844 76500
306 26300
551 47700
155 12400
422 55900
560 43400
672 55800
840 90900
482 48100
538 45300
108 11800
555 78100
699 74800
17235 2119100
946 98900
74 5700
106 7600
812 62900
95971 11200300
229 22500
883 72100
673 58100
358 28300
3791 340800
790 66600
947 78300
175 12700
356 27900
714 56700
162 12000
92947 11025600
839 72500
96569 10913800
944 83300
11238 1084200
938 75300
55 3900
507 39700
492 37200
245 18100
85425 9930800
846 71300
371 29900
10309 1011600
968 82900
18048 1813300
918 75400
234 17700
475 37600
128 9500
34 25500
34000 3606800
427 34100
24744 2572900
951 77600
470 35700
25291 2693400
430 33200
7048 697700
51 3700
26427 2679600
725 59200
500 41400
834 67400
255 18600
427 31700
42 3400
995 80600
876 69600
152 11500
437 32600
369 28200
51696 5686200
53514 5389800
27159 2688600
315 30900
652 51100
981 78200
741 87300
533 40800
475 34500
958 96200
22 1900
69 5000
980 77400
97039 10278300
528 44600
712 55900
