27118 4555000
280 124600
80721 15834400
26319 5158000
65 11300
68 7900
82100 17256200
552 80200
409 57500
936 141000
352 52800
965 139800
50 6300
752 108000
363 48400
850 115200
758 101900
698 91400
938 125000
42 4800
26447 4898200
253 32700
363 47100
713 103000
493 67800
20 2400
298 39400
35 3800
62827 12308900
332 43800
798 109500
65 7000
983 132300
761 101600
72 8300
900 118400
484 59100
186 22100
795 104500
798 106000
953 126900
370 53600
494 72200
183 21800
807 109700
423 51800
826 109600
238 28200
86917 16646700
327 41300
26465 4423100
205 59100
24900 4402200
363 45400
662 87400
442 54400
26710 4502400
4841 704600
772 101100
717 92900
992 167400
14 1500
881 116000
295 36000
106 11700
3131 476800
948 126900
94750 18003000
77575 14302700
859 183000
220 24200
766 99700
644 80400
685 154400
5530 1093800
406 64500
462 71500
92 12800
264 40600
474 74300
758 126000
912 147600
79259 15225000
59810 10902400
583 77600
962 130900
13 3900
434 57800
548 96100
344 44600
560 71100
98 10700
89 9700
100 10900
852 112700
349 42800
552 69600
192 22500
141 15500
74 7600
62458 11333600
49149 8635000
796 108900
163 19600
357 45100
702 92200
969 135000
590 79400
354 44200
361 44600
952 129400
46 5000
775 103100
128 14300
713 95600
151 17400
38836 6692100
745 115600
518 62100
24 2500
41973 8337400
24242 4257800
961 122600
35117 6394500
78688 15309500
121 35300
73 6800
118 12000
249 28100
534 63900
62922 11493600
801 175700
849 183900
38 4300
111 11400
21 2200
48563 8613700
318 71700
163 17700
42404 7466900
65164 11833500
272 31500
187 21400
222 24700
996 121100
834 135400
37784 6548700
438 58300
849 118200
239 29200
