27118 5174400
280 26400
80721 15987200
26319 3985400
65 4700
68 4700
82100 14769800
552 60800
409 40600
936 102800
352 35200
965 141700
50 3700
752 109000
363 37400
850 96400
758 86700
698 72900
938 127400
42 3000
26447 4575100
253 23100
363 34700
713 77000
493 50200
20 1500
298 28200
35 2400
62827 10357600
332 30200
798 83400
65 5000
983 106300
761 79200
72 5300
900 103300
484 47200
186 15600
795 82400
798 89700
953 106900
370 44400
494 49200
183 16800
807 88500
423 42500
826 85500
238 21100
86917 14331800
327 30300
26465 4855300
205 23500
24900 5497200
363 88800
662 156500
442 41200
26710 4539100
4841 750900
772 83800
717 80900
992 113900
14 1200
881 102400
295 27100
106 9100
3131 413900
948 102200
94750 16477200
77575 13790200
859 89300
220 20600
766 84200
644 65800
685 74700
5530 736500
406 37600
462 47400
92 6200
264 24200
474 46300
758 78200
912 98200
79259 14082000
59810 9417600
583 58400
962 188600
13 1000
434 49700
548 58100
344 38000
560 90700
98 7700
89 6400
100 7300
852 89000
349 28400
552 57000
192 15700
141 10100
74 5100
62458 10100300
49149 7541600
796 81800
163 13200
357 32600
702 73000
969 119600
590 56400
354 32200
361 31900
952 189600
46 3100
775 79700
128 9800
713 68300
151 11400
38836 8507000
745 72100
518 49600
24 1700
41973 6771500
24242 3757800
961 186200
35117 5272200
78688 12967700
121 10600
73 6200
118 9900
249 23300
534 55100
62922 10253900
801 83900
849 92700
38 2600
111 9000
21 1300
48563 7571200
318 49100
163 12400
42404 6704300
65164 10560700
272 23600
187 16200
222 19700
996 101700
834 162800
37784 6034900
438 41600
849 177600
239 28400
