536 680900
640 1020200
979 2196100
11 900
64337 9761112000
448 548400
27691 1734666600
133 46600
865 1791200
46439 5124972700
692 1168300
516 651500
844 2014200
306 278900
551 822900
155 54400
422 467900
560 749100
672 1036700
840 1567300
482 624100
538 688700
108 28400
555 799000
699 1122600
17235 677291400
946 2123400
74 14800
106 28800
812 1559700
95971 21585316900
229 123000
883 1766500
673 2111900
358 319300
3791 39454800
790 1455300
947 2122900
175 71600
356 370900
714 1609700
162 71100
92947 23770913200
839 1642900
96569 23547363600
944 2113600
11238 403818300
938 4844400
55 20800
507 1708000
492 1495700
245 498300
85425 23791850600
846 1748100
371 407200
10309 389808900
968 5096200
18048 938064800
918 1937700
234 181100
475 601600
128 59500
34 5500
34000 3821290400
427 437700
24744 2017835300
951 2215800
470 593200
25291 2026579500
430 1227500
7048 259690100
51 18500
26427 2677932300
725 2803900
500 1294500
834 3315500
255 269400
427 741300
42 9700
995 3404000
876 2265600
152 105500
437 634500
369 475000
51696 8624628900
53514 9270705400
27159 2139367000
315 670000
652 2062900
981 3966300
741 1928000
533 1023600
475 843500
958 2481000
22 3100
69 20300
980 2492000
97039 30370944100
528 1570000
712 2794000
