626 2064600
252 295900
163 99100
671 1527700
995 3097700
689 1531700
794 2022400
48077 8059388900
350 488400
313 390900
964 2926200
45924 7015740300
209 151800
765 2506800
938 3472000
24 2700
215 155000
565 1081700
179 102600
751 1819000
195 194400
598 1188500
785 1993700
143 67600
427 781200
75 21200
960 2909900
479 778200
340 444000
455 732200
42942 6124167500
734 1754500
425 652300
348 459500
652 1392600
91528 27355355700
816 2162600
79028 20879121700
641 1393600
690 1564900
634 1347600
434 686900
478 805000
43577 7039349100
200 139700
838 2251600
284 307900
836 2341300
779 2045800
253 252200
660 1423500
7841 201320100
155 79900
186 117400
69589 16548844500
31357 4137647400
656 1606600
827 2558800
572 1216800
47135 9378719500
750 1956600
815 2295000
507 909400
709 1733600
93134 33188857200
179 182200
783 2058300
50078 8809843800
847 2303300
777 2011100
73398 18115758000
146 69500
89708 26753338800
6 800
36 5600
783 2011100
589 1176500
749 1853300
85938 24614736300
661 1571000
55 11500
626 1327900
688 1786800
478 814900
462 754900
847 2342700
88285 26027374000
53 10500
205 156400
17898 1036545000
50694 9064498400
528 972600
353 473200
482 821000
683 1548800
740 1977400
33389 4378389100
51742 9317360000
845 2268700
241 256500
