297 147100
986 220800
872 274400
604 164000
241 39000
934 164300
569 89600
99797 36714300
63 14600
549 138700
274 58200
513 117000
795 230900
793 202600
137 20300
930 294600
68862 27555000
526 92000
82 19700
540 117900
59 21200
722 236400
544 207800
672 144500
326 105500
82 21300
629 121500
922 303300
149 27500
133 35300
80 19700
714 158000
69909 13785000
47 12300
73 15900
23 5000
347 56800
87808 15546200
216 52700
116 24600
754 193300
518 123400
207 43600
855 196700
230 45400
956 226900
901 130000
541 118700
182 25000
13238 3616000
605 137000
942 264300
54345 14417500
30123 7439700
226 43000
989 206600
480 59900
204 24600
924 123000
926 139700
59906 15803700
965 219600
646 141700
294 56500
479 92700
868 181800
480 143100
460 60800
933 240600
602 149200
347 52200
338 76200
743 156600
48919 13760200
27 4400
540 171600
393 99300
642 158300
72998 20136300
467 169000
716 204200
264 91800
949 247500
943 211300
782 202000
598 94800
589 140500
745 178800
431 91600
409 87000
256 35200
429 69500
545 138400
970 245500
905 156500
59769 16152000
514 99000
630 237300
987 335000
143 46000
140 37700
554 175100
345 73600
379 110600
351 90000
43 33000
360 85800
215 48600
69 83600
641 106400
636 179200
926 137400
738 144200
779 193800
262 55600
887 222300
70 10100
958 139000
95 18400
902 207900
866 236700
273 56500
141 26700
445 61400
895 204800
694 159300
115 21600
354 73400
641 152300
222 43800
117 21900
540 120600
575 127800
217 46100
711 164300
381 82800
497 108400
246 49000
683 170600
552 122400
441 95100
103 18900
456 96300
946 217400
916 210200
362 78300
360 76000
967 224000
438 92300
428 57700
3723 1040800
41 6900
958 139500
526 114600
73707 20058000
366 70400
427 52100
90031 14829500
486 62600
278 34600
851 184100
712 146600
127 21800
449 55000
63 9800
189 23900
65486 11259500
46733 7449200
249 52300
710 203700
170 31900
61997 16241600
799 260900
87 21500
59465 16949900
411 64600
280 71600
949 272000
931 149500
339 91900
377 92500
718 184700
99902 35714800
248 87300
44246 8579100
982 282600
394 65200
642 174400
5992 2338400
73 15500
455 107400
439 66000
834 228900
925 143400
207 27800
124 31300
827 204300
778 250800
839 218400
78719 25658300
92 23400
596 99600
29 42900
254 72900
123 32000
67 17300
748 267000
12 3300
58179 15113300
254 81400
683 137800
808 226700
894 121100
831 197200
716 97800
338 72600
884 189900
60 10300
13598 1944000
286 68200
163 24600
881 131400
891 215600
546 125800
822 189600
701 163400
40134 10151200
829 194600
46 8200
315 61800
951 135900
78 10500
763 170000
143 25400
69 11300
772 100600
59 9900
854 108600
960 130300
361 67600
584 114800
137 15700
277 48300
819 165400
3 1000
235 40500
884 191500
955 214100
853 117100
917 127800
954 291400
764 172700
319 43200
718 164200
54 9200
568 118700
21 3400
441 99600
509 113600
757 180300
569 124900
624 148200
489 104500
45 8400
796 182000
894 126900
14746 1965100
814 211800
847 128400
200 39200
457 97300
80293 21130600
236 54100
850 173900
884 109200
772 157400
139 23800
807 105500
155 27600
774 178000
745 146700
667 119200
750 133200
533 139300
931 226700
56734 14461800
368 113600
661 211600
923 295800
85 15700
225 56400
919 273000
771 232300
468 127400
839 154300
257 68600
584 194700
661 210000
103 44200
645 213100
