297 47200
986 8677700
872 169900
604 106100
241 297000
934 3217000
569 1270400
99797 28922300
63 7600
549 99900
274 467700
513 86600
795 142400
793 174800
137 87000
930 182700
68862 21207500
526 1179500
82 37800
540 1582800
59 8200
722 160300
544 95400
672 2311000
326 53200
82 10700
629 2196400
922 179200
149 175900
133 19500
80 10000
714 1929200
69909 23825493900
47 10700
73 40300
23 4900
347 1564800
87808 31401676700
216 33200
116 15800
754 296500
518 126900
207 30300
855 161300
230 57200
956 161700
901 2721400
541 72100
182 181500
13238 2740200
605 110800
942 170700
54345 16731200
30123 7470200
226 32700
989 165800
480 868400
204 145500
924 3788500
926 4181100
59906 18090400
965 197600
646 123400
294 47000
479 90400
868 159100
480 87000
460 1323100
933 187000
602 107500
347 571900
338 55400
743 2850900
48919 11421200
27 5100
540 93300
393 65500
642 118800
72998 16386500
467 74300
716 114200
264 68300
949 188800
943 173000
782 124800
598 1979400
589 81300
745 113200
431 62400
409 57200
256 238800
429 1095200
545 90700
970 183600
905 4288700
59769 14312600
514 1114400
630 98400
987 162200
143 16700
140 17600
554 121200
345 660000
379 132500
351 88300
43 20300
360 77500
215 40300
69 29600
641 2763300
636 132000
926 3196200
738 2835800
779 167300
262 52500
887 177300
70 25600
958 4897700
95 10600
902 178600
866 159300
273 43400
141 19000
445 843800
895 195400
694 124600
115 15900
354 59100
641 147100
222 34500
117 15800
540 90500
575 101400
217 33000
711 125800
381 60400
497 84700
246 37100
683 122900
552 100600
441 78500
103 13800
456 75200
946 178100
916 171000
362 60800
360 56100
967 173600
438 76300
428 836000
3723 827600
41 4800
958 4770900
526 73000
73707 18697300
366 59700
427 731700
90031 41603016800
486 1183700
278 533100
851 176600
712 188800
127 23300
449 1017800
63 7600
189 252700
65486 19144987200
46733 9974046900
249 59800
710 196300
170 36200
61997 23736400
799 159600
87 12000
59465 17472800
411 961100
280 62200
949 267600
931 6761600
339 81200
377 77700
718 162400
99902 33214400
248 73200
44246 12443467800
982 256100
394 1238800
642 138100
5992 1411300
73 9300
455 76300
439 1338400
834 168000
925 4535300
207 159400
124 13900
827 141300
778 133200
839 137900
78719 20643000
92 23700
596 1637200
29 4200
254 54100
123 20800
67 9900
748 157400
12 2000
58179 24500700
254 50900
683 3782300
808 208900
894 5124800
831 229600
716 4831100
338 69200
884 200000
60 9100
13598 1106698200
286 93400
163 239900
881 4035400
891 251700
546 123100
822 212400
701 166800
40134 10719000
829 151600
46 7000
315 82600
951 3447500
78 30300
763 138300
143 20500
69 8800
772 3260800
59 7500
854 2720200
960 4635200
361 69200
584 88700
137 82900
277 41400
819 139300
3 900
235 32500
884 177800
955 159300
853 3628700
917 2805400
954 172100
764 118900
319 428100
718 124000
54 5900
568 86800
21 2700
441 64000
509 96100
757 131200
569 85300
624 97300
489 82100
45 4900
796 138500
894 4418500
14746 1169615200
814 266100
847 7342800
200 44800
457 167700
80293 39992900
236 569700
850 307600
884 4975100
772 205500
139 24900
807 7334000
155 39700
774 430100
745 277200
667 3219000
750 2444900
533 100100
931 196400
56734 28884500
368 90000
661 145800
923 211300
85 55800
225 44800
919 223400
771 169100
468 106300
839 4084300
257 62300
584 153100
661 172700
103 59000
645 125500
