297 143100
986 7200
872 1033800
604 797300
241 203600
934 3413500
569 1034900
99797 10306753600
63 7000
549 429800
274 2300
513 363000
795 746600
793 768100
137 43900
930 1077500
68862 5019984000
526 549900
82 14700
540 3300
59 6100
722 641700
544 426200
672 4600
326 124800
82 12200
629 3800
922 905500
149 1300
133 21900
80 8800
714 1142300
69909 9934099300
47 6000
73 10400
23 2100
347 3200
87808 15490231500
216 73800
116 24400
754 858000
518 424200
207 73300
855 1134100
230 101400
956 1105500
901 1544300
541 307800
182 1700
13238 170565400
605 416400
942 1062300
54345 3226860800
30123 989208400
226 60600
989 1089300
480 496500
204 88600
924 5400
926 5300
59906 3560681200
965 1333600
646 625800
294 129700
479 389700
868 1177700
480 363800
460 4300
933 1401800
602 595300
347 333100
338 182800
743 5700
48919 2644679600
27 3300
540 360100
393 161000
642 439500
72998 5586989900
467 379800
716 849600
264 107300
949 1708000
943 1637800
782 983700
598 5400
589 586800
745 939900
431 296000
409 315000
256 226100
429 4400
545 506400
970 1436100
905 6900
59769 3507610600
514 841800
630 644100
987 1186500
143 28500
140 31300
554 362500
345 2700
379 196200
351 189600
43 900
360 168700
215 60900
69 13300
641 4300
636 531300
926 1907000
738 4000
779 704100
262 85300
887 931300
70 11700
958 5300
95 14000
902 961900
866 889900
273 119100
141 28900
445 482900
895 1014500
694 646100
115 19000
354 162900
641 546500
222 60600
117 20200
540 346600
575 479500
217 67400
711 722100
381 191900
497 363400
246 86400
683 584400
552 412800
441 269400
103 16900
456 257500
946 1095100
916 1028500
362 187100
360 165200
967 1328500
438 259300
428 473300
3723 14194900
41 3300
958 6500
526 327500
73707 6421419100
366 170900
427 420100
90031 16901689800
486 616400
278 3200
851 969700
712 727900
127 23800
449 591600
63 9800
189 2400
65486 9862236100
46733 5249004500
249 119800
710 721100
170 41300
61997 4285843300
799 806300
87 12800
59465 4148796000
411 507800
280 131200
949 1341900
931 8400
339 179700
377 230200
718 841100
99902 12331159600
248 81300
44246 216700
982 1072500
394 2600
642 632300
5992 42087400
73 30000
455 609000
439 3200
834 984400
925 7300
207 137000
124 28500
827 1196400
778 1127700
839 1422300
78719 9073834500
92 28700
596 1461700
29 5000
254 155400
123 37600
67 21300
748 1383500
12 2400
58179 4234184200
254 83600
683 4900
808 4286900
894 6000
831 783500
716 5600
338 138200
884 837500
60 6200
13598 84400
286 140500
163 1700
881 1572600
891 871900
546 320600
822 690500
701 579600
40134 1974449200
829 1947200
46 8300
315 323700
951 3491900
78 35000
763 1459400
143 60400
69 16000
772 11100
59 15700
854 3100600
960 14500
361 331100
584 675200
137 111000
277 218600
819 1712100
3 2300
235 171400
884 1722400
955 1536000
853 9900
917 2824000
954 1651100
764 997500
319 403300
718 1238200
54 12400
568 657000
21 2600
441 396300
509 533100
757 1028300
569 617200
624 724400
489 476900
45 6600
796 1324500
894 9600
14746 625767500
814 823500
847 7500
200 55900
457 255500
80293 7864601400
236 130300
850 1002100
884 2546200
772 1057700
139 48300
807 9900
155 52900
774 1122000
745 4791200
667 8500
750 1903900
533 556200
931 1469500
56734 3887195600
368 235900
661 758100
923 1419400
85 2200
225 105000
919 1547800
771 1031900
468 449400
839 2219100
257 149700
584 614200
661 747700
103 42500
645 781600
