297 757100
986 362800
872 409300
604 278200
241 246000
934 3869700
569 919400
99797 55742000
63 21100
549 235000
274 114300
513 476400
795 352100
793 1038600
137 59300
930 468800
68862 42821400
526 685600
82 19300
540 157200
59 6900
722 206700
544 147800
672 242500
326 95600
82 10600
629 204200
922 327700
149 34000
133 31400
80 17400
714 1192700
69909 22253965000
47 17900
73 27900
23 4200
347 296900
87808 31391779200
216 57600
116 43500
754 266400
518 146500
207 49000
855 286900
230 72900
956 275300
901 1513800
541 159200
182 33200
13238 10188200
605 460600
942 824900
54345 41660200
30123 24228200
226 82000
989 435100
480 856500
204 172500
924 382400
926 388700
59906 48239500
965 431900
646 648800
294 117900
479 213300
868 399900
480 211900
460 194100
933 396700
602 204500
347 315000
338 107600
743 233500
48919 17952000
27 9500
540 190900
393 130500
642 199600
72998 41088100
467 244900
716 401200
264 126100
949 540800
943 512700
782 458800
598 323700
589 334900
745 458100
431 235300
409 165700
256 225900
429 104600
545 166700
970 385900
905 418400
59769 43211000
514 870200
630 253100
987 371000
143 40700
140 35100
554 225000
345 122300
379 161000
351 116500
43 11300
360 124900
215 65400
69 16200
641 249300
636 263800
926 1963300
738 269700
779 289200
262 85500
887 334800
70 13000
958 299900
95 15900
902 380200
866 648500
273 150000
141 60800
445 777400
895 609400
694 198100
115 24200
354 172800
641 403500
222 116200
117 47700
540 281300
575 363500
217 128800
711 545300
381 238500
497 403700
246 215700
683 526700
552 410500
441 306800
103 41900
456 368900
946 934100
916 1226800
362 106800
360 308500
967 694800
438 239800
428 668900
3723 1954600
41 14500
958 483500
526 222200
73707 47668800
366 195300
427 723800
90031 25100935300
486 550200
278 78300
851 604500
712 299300
127 21700
449 529700
63 16100
189 61300
65486 14447370600
46733 6981626500
249 54300
710 276400
170 45100
61997 43727100
799 353600
87 28900
59465 56081100
411 903500
280 142100
949 511600
931 660600
339 194700
377 269900
718 648900
99902 90345700
248 98100
44246 19397400
982 378400
394 163300
642 699200
5992 4958900
73 16600
455 221300
439 202400
834 346800
925 403800
207 161500
124 54100
827 356100
778 841300
839 401300
78719 62455000
92 26100
596 832300
29 7700
254 80800
123 35700
67 17800
748 340000
12 2300
58179 50717900
254 118100
683 284600
808 383300
894 408500
831 385300
716 325100
338 123000
884 348800
60 19700
13598 5734300
286 73600
163 37000
881 3701100
891 451100
546 221300
822 446900
701 413100
40134 34469000
829 1061800
46 8100
315 169700
951 2613600
78 18800
763 362200
143 52000
69 29200
772 401200
59 20600
854 2758400
960 434500
361 139100
584 207000
137 52900
277 81400
819 400500
3 1300
235 86900
884 561000
955 670700
853 698400
917 3190000
954 1029400
764 1188900
319 956000
718 755400
54 45700
568 1183100
21 32600
441 364900
509 531800
757 1879000
569 629300
624 450600
489 531300
45 18900
796 401600
894 380300
14746 737879900
814 1211000
847 903300
200 191900
457 430400
80293 64059700
236 313500
850 498200
884 3330300
772 287300
139 36200
807 307800
155 41200
774 258200
745 275000
667 298000
750 1900800
533 272800
931 607400
56734 52729800
368 187900
661 418300
923 782100
85 53900
225 117500
919 432900
771 353300
468 337800
839 1937300
257 133500
584 349000
661 633300
103 67800
645 226100
