580 84000
210 25300
28 3000
628 91700
275 35000
214 26200
799 117800
860 139300
828 121300
175 19700
114 13800
54 6600
657 111000
798 109400
102 10800
877 120200
830 115400
189 27300
454 58800
195 22700
590 77900
542 71900
379 47900
296 36000
536 72300
356 45100
749 104400
326 40900
868 124700
141 16000
325 39900
829 118000
744 98900
473 62500
248 30200
922 130800
441 57200
538 70100
404 51600
775 106600
448 56800
460 59200
135 15300
193 23100
557 74300
216 25400
828 117000
156 18400
735 109000
395 65600
427 181400
90 10900
818 137100
896 217500
896 146400
999 197300
91649 19125400
21 3400
189 22700
259 31200
199 22200
593 79100
666 90300
27 2900
350 42500
273 47000
171 27500
976 182800
16 1800
549 92900
209 26700
471 79900
758 311400
355 108000
931 152000
966 153400
718 101400
490 65900
454 59900
46580 8696600
26 3700
543 70600
587 80100
962 136700
13 1200
323 40800
238 27700
355 95500
895 140000
443 82500
548 78000
428 57200
485 65800
19 2100
574 80700
33 3600
239 29000
249 30100
709 98100
911 134900
699 92600
617 81800
844 115000
938 131800
83 8500
117 12500
867 123900
948 136200
322 39900
275 32700
830 113900
337 41500
290 34200
945 137700
948 131500
660 88400
209 24700
654 87000
790 110200
42 4400
136 15300
135 14500
393 49300
170 19100
565 75200
533 69700
811 114300
152 16500
777 111800
213 25400
233 27200
550 75500
837 118200
807 118800
964 137100
582 79900
268 32300
691 124700
759 107000
262 32700
1000 168900
292 35700
613 82400
256 30000
613 83300
559 74800
338 42000
706 202300
947 138800
524 91600
563 74900
803 148700
116 14300
164 20300
92 10600
875 153700
854 122300
123 13700
990 141300
572 77100
349 42700
323 39400
30 3000
867 128100
958 159900
782 107200
437 64100
382 58300
196 22600
327 40100
292 34700
507 66000
480 61900
536 69900
871 123800
364 47300
432 54800
196 23900
492 64700
543 71400
781 108800
774 108500
447 58600
310 38200
358 45100
460 61800
190 23700
255 31000
926 130700
458 60200
974 143800
790 108400
667 91700
910 127700
68814 13763900
855 122900
84 9400
592 80700
933 133800
654 90300
922 132800
238 29900
537 71100
769 108700
843 122700
246 29600
245 31300
778 109600
656 89500
244 29400
656 90500
5 800
775 115100
71 8000
597 80800
573 79100
613 84200
150 17500
852 123200
124 14000
249 29300
903 126400
477 62200
313 38300
147 17500
452 57300
531 69500
904 125200
997 144400
539 69700
760 102700
584 77400
747 101200
190 22400
99 10600
719 98100
808 110800
146 16300
724 98500
450 56400
837 117300
875 122200
155 17600
694 92400
399 52100
947 133100
179 20300
192 22200
509 64700
55 5900
672 91600
922 128200
210 24600
193 22100
219 25600
903 127100
750 101800
127 13900
281 33100
734 100300
822 113800
151 17300
649 85400
74 8700
619 96800
992 138900
466 63100
649 87500
754 102200
843 114300
994 139000
361 44700
508 68200
621 84900
679 92500
804 109000
907 139000
94 10400
171 35100
528 203200
853 155400
256 30400
542 94500
469 71100
509 81400
496 67500
62482 11885300
261 31600
552 72700
527 68100
7 800
301 37400
386 48800
678 91600
135 14800
783 107400
496 64300
257 31400
742 102100
130 13900
969 141000
641 92800
160 18200
139 15100
725 97000
41 4100
152 16400
20 2000
9 1000
962 138100
510 67000
914 130800
128 14000
924 129700
363 47000
191 23100
834 118700
922 133900
597 78400
312 37900
991 137500
628 82500
883 122300
322 39900
333 40200
833 116500
761 106900
19 2300
645 89000
974 148700
101 11400
753 102000
23 2200
229 26700
808 112200
84 9500
807 107600
289 33900
993 141700
727 100200
778 107500
101 11400
217 24800
467 59600
751 101200
2598 408300
929 130600
646 84800
936 128700
688 106600
880 145000
833 116200
665 95200
240 28800
9 1100
7 800
205 23900
988 146800
541 69700
524 68200
344 41600
816 113800
866 121700
755 102400
561 73100
601 78000
970 133800
12075 2232300
500 68000
287 35500
310 63400
994 166200
44 4900
20 2400
302 43000
27 2700
185 24500
360 45600
828 114900
876 122900
483 62500
744 104600
361 47800
863 121100
276 33000
781 110100
829 117100
137 14600
468 59800
966 136400
652 91000
194 21200
300 35800
789 106200
427 55500
76 7900
975 138700
385 47900
749 102600
215 25400
101 10400
231 26600
512 66700
181 20900
318 39400
198 23300
703 97900
391 48900
708 96400
168 19500
757 105700
784 106500
896 127500
959 135500
513 68500
900 127600
301 37600
543 71300
93464 18407900
850 118700
206 24700
98663 19119400
95 10000
621 77600
443 52900
931 171600
309 73600
215 24900
711 97300
22 2700
509 59900
155 16100
729 90500
69 6300
530 101800
903 113700
648 82000
264 28900
937 118800
635 78700
461 94600
834 104200
607 76300
394 45100
254 27500
738 91000
737 88700
284 69400
671 83000
141 14300
715 89200
335 37200
938 120900
371 43700
112 10800
427 50300
261 28100
673 82600
874 111800
213 22100
568 69000
527 62400
36 3400
606 76500
305 33600
346 40000
365 42000
381 42300
600 73400
291 32900
746 95900
482 60400
311 105100
803 172700
95 9800
402 47700
341 38200
739 168300
679 82100
102 9900
177 21900
873 194800
79 7600
383 43700
713 94300
713 88900
735 92500
51 4900
969 124500
322 37100
468 55300
840 107400
333 37600
995 130500
304 34300
120 11700
919 195800
517 61200
287 31400
468 55100
