580 71700
210 20800
28 2200
628 73800
275 26800
214 21300
799 86400
860 92900
828 90100
175 20000
114 9100
54 4300
657 86800
798 117500
102 8200
877 96500
830 111300
189 14900
454 48900
195 15900
590 57100
542 54200
379 31500
296 24700
536 51000
356 54100
749 74300
326 48300
868 128900
141 10200
325 27300
829 120400
744 89700
473 47000
248 22500
922 100400
441 40600
538 53500
404 35100
775 148900
448 41900
460 43600
135 10500
193 15100
557 51400
216 17500
828 78200
156 82400
735 156900
395 36700
427 74200
90 46500
818 80000
896 91600
896 88300
999 194400
91649 24830100
21 1500
189 15100
259 20700
199 16100
593 54300
666 103300
27 1800
350 33400
273 30500
171 14500
976 143700
16 1200
549 55800
209 18000
471 47700
758 119700
355 32300
931 138600
966 134900
718 66700
490 46300
454 42700
46580 8692700
26 1700
543 54100
587 59000
962 100300
13 900
323 27800
238 22600
355 33100
895 95400
443 45500
548 54500
428 40500
485 48300
19 1400
574 57800
33 2200
239 20700
249 23200
709 83700
911 117300
699 86600
617 66000
844 133000
938 108700
83 7100
117 10300
867 100400
948 99900
322 29300
275 25000
830 87400
337 32200
290 26000
945 102700
948 107900
660 85600
209 22500
654 87400
790 112500
42 5800
136 11900
135 11900
393 38200
170 14500
565 87900
533 54100
811 91200
152 12700
777 84900
213 19600
233 60600
550 178000
837 129700
807 92200
964 112500
582 61200
268 23900
691 112900
759 122600
262 33700
1000 117700
292 32300
613 65600
256 25200
613 69200
559 54900
338 30800
706 70700
947 101300
524 50700
563 56700
803 82900
116 35700
164 15500
92 7400
875 98600
854 96300
123 10900
990 151800
572 69500
349 36700
323 31700
30 2000
867 104500
958 139100
782 87500
437 54300
382 47400
196 21800
327 43400
292 34700
507 68600
480 55800
536 64100
871 94200
364 33500
432 40200
196 15900
492 47900
543 53600
781 81800
774 80400
447 52500
310 32900
358 39800
460 77100
190 20400
255 26000
926 101700
458 45300
974 139100
790 87700
667 69500
910 98700
68814 15009200
855 90400
84 6100
592 57100
933 104000
654 69100
922 99000
238 22200
537 53900
769 82800
843 88300
246 21400
245 23700
778 78100
656 74100
244 21100
656 65900
5 600
775 80300
71 4800
597 59400
573 57200
613 63500
150 11800
852 87200
124 9500
249 27300
903 116300
477 45100
313 30500
147 12200
452 47800
531 53800
904 95400
997 106100
539 53300
760 78300
584 57100
747 78700
190 16400
99 7700
719 69800
808 82200
146 12700
724 76800
450 44800
837 90300
875 93200
155 12200
694 71500
399 38800
947 97100
179 14000
192 15900
509 48200
55 5900
672 70500
922 92800
210 19300
193 17200
219 18500
903 91400
750 81600
127 9800
281 25500
734 102600
822 89500
151 12400
649 64500
74 5200
619 59800
992 102000
466 44700
649 64300
754 81700
843 85000
994 104200
361 32400
508 51000
621 58700
679 68000
804 123400
907 94300
94 7300
171 14800
528 53400
853 84500
256 21300
542 51600
469 77700
509 52200
496 55400
62482 13155700
261 23900
552 52600
527 84200
7 600
301 116400
386 141600
678 108900
135 10300
783 186100
496 48600
257 27300
742 109700
130 10100
969 149800
641 59800
160 44500
139 10600
725 93000
41 2900
152 11400
20 1500
9 900
962 117000
510 84700
914 164500
128 10300
924 137700
363 35300
191 16500
834 125100
922 95100
597 57700
312 27400
991 141300
628 82000
883 118800
322 27200
333 28300
833 119000
761 111100
19 1600
645 170100
974 171400
101 7800
753 68700
23 1400
229 17900
808 75700
84 5900
807 109700
289 56600
993 177900
727 67300
778 72100
101 7700
217 46200
467 40500
751 69800
2598 362100
929 133800
646 59700
936 128700
688 73600
880 124800
833 159900
665 60300
240 22300
9 29400
7 700
205 14800
988 102500
541 91000
524 81000
344 30200
816 228600
866 133200
755 73100
561 52700
601 123500
970 204300
12075 1700400
500 43500
287 58400
310 26300
994 134400
44 2600
20 1300
302 62800
27 1900
185 14500
360 29300
828 75200
876 82900
483 43400
744 112500
361 34100
863 124700
276 21800
781 125300
829 82000
137 10200
468 45100
966 134800
652 67200
194 36100
300 26200
789 118600
427 72600
76 6900
975 167100
385 36500
749 113900
215 17400
101 7000
231 19200
512 47200
181 13600
318 26000
198 15300
703 65800
391 33400
708 103200
168 13300
757 73000
784 99500
896 122100
959 132000
513 49600
900 127600
301 23400
543 48500
93464 23204200
850 95200
206 17400
98663 24732700
95 7400
621 61400
443 39400
931 208700
309 27200
215 43600
711 65300
22 35800
509 45400
155 12200
729 70300
69 5100
530 52100
903 136200
648 58800
264 54700
937 132800
635 58900
461 46300
834 125900
607 57700
394 36300
254 57700
738 113100
737 74700
284 22900
671 64000
141 10300
715 69400
335 27500
938 137500
371 31700
112 7900
427 43100
261 20400
673 62000
874 201700
213 16400
568 52200
527 47500
36 2700
606 57100
305 25900
346 31100
365 51000
381 67000
600 58100
291 24000
746 85100
482 41700
311 25400
803 117600
95 7900
402 36100
341 31200
739 78100
679 67300
102 7800
177 14200
873 84100
79 6200
383 35300
713 71100
713 70800
735 70600
51 25800
969 137400
322 30000
468 46600
840 88400
333 30000
995 105600
304 27400
120 9300
919 100100
517 82100
287 56400
468 43100
