580 429600
210 69700
28 2500
628 646400
275 150400
214 71000
799 936300
860 1491200
828 1463900
175 99300
114 31400
54 11200
657 780900
798 1374100
102 25300
877 1219300
830 1014800
189 56500
454 310700
195 63400
590 542200
542 511400
379 216500
296 160900
536 577000
356 252000
749 848700
326 155900
868 1432200
141 34800
325 169100
829 961900
744 832200
473 361400
248 99000
922 1511300
441 286300
538 443300
404 239400
775 858200
448 301300
460 308900
135 31900
193 60700
557 510700
216 76800
828 1348200
156 39600
735 816100
395 253500
427 289000
90 56700
818 1054400
896 1088200
896 1304100
999 1456000
91649 10744358900
21 2200
189 57600
259 109000
199 97500
593 491300
666 598900
27 2300
350 206900
273 146600
171 47200
976 1473800
16 1200
549 433000
209 68900
471 330800
758 760800
355 258100
931 1117700
966 1191600
718 750900
490 354600
454 351700
46580 2839124500
26 2600
543 440300
587 551400
962 1503500
13 1200
323 182500
238 88900
355 180800
895 1133400
443 303700
548 431000
428 307100
485 342000
19 1600
574 471000
33 3300
239 89300
249 101000
709 708500
911 1121800
699 668800
617 525700
844 964200
938 1350300
83 14400
117 26200
867 1048200
948 1210900
322 151700
275 121400
830 946000
337 164400
290 150900
945 1238600
948 1210300
660 599100
209 66800
654 581800
790 849500
42 4600
136 31100
135 31300
393 251800
170 56500
565 533100
533 525000
811 905300
152 44400
777 893800
213 80200
233 93600
550 471700
837 1151900
807 1018400
964 1399100
582 524700
268 122000
691 750900
759 804600
262 105100
1000 1347200
292 131500
613 519300
256 98400
613 537500
559 509100
338 187100
706 717200
947 1254800
524 415700
563 480700
803 907800
116 22600
164 43000
92 15300
875 1091000
854 1077200
123 26300
990 1374800
572 507400
349 208500
323 152400
30 2700
867 1105400
958 1306900
782 858400
437 335800
382 239800
196 60200
327 156800
292 140700
507 382600
480 353900
536 472600
871 1204900
364 207200
432 274200
196 60700
492 362100
543 438300
781 920200
774 893000
447 307800
310 142000
358 236200
460 295000
190 56900
255 97900
926 1281900
458 321000
974 1372300
790 936500
667 662400
910 1224300
68814 1831236204
855 984000
84 12400
592 532800
933 1156500
654 849600
922 1189900
238 78700
537 675300
769 795400
843 953900
246 132200
245 117800
778 865700
656 662100
244 82700
656 645000
5 500
775 828700
71 9200
597 528800
573 498900
613 598500
150 33200
852 972900
124 24000
249 168400
903 1110400
477 397900
313 180300
147 34100
452 386700
531 493300
904 1125500
997 1433500
539 453400
760 801000
584 513900
747 863500
190 52500
99 15800
719 724300
808 1107600
146 32300
724 768200
450 330200
837 947600
875 1029600
155 35700
694 689400
399 287100
947 1364000
179 48200
192 54600
509 444500
55 6300
672 649600
922 1125600
210 62500
193 53100
219 184300
903 1404600
750 800800
127 25200
281 134500
734 801200
822 965500
151 34300
649 665600
74 9800
619 556900
992 1288800
466 366900
649 667500
754 777100
843 1013200
994 1348800
361 258100
508 443600
621 632200
679 653800
804 882600
907 1140800
94 15000
171 43000
528 543600
853 1217000
256 90500
542 499800
469 403900
509 441100
496 388700
62482 719535904
261 104400
552 425400
527 404100
7 600
301 133400
386 243800
678 655800
135 64500
783 856300
496 370500
257 99300
742 922000
130 64200
969 1235300
641 618200
160 41700
139 33100
725 757800
41 39000
152 37600
20 1700
9 700
962 1318100
510 411000
914 1181900
128 65000
924 1232700
363 190400
191 57100
834 998000
922 1229700
597 502400
312 146300
991 1496200
628 676500
883 1122300
322 151800
333 161900
833 1050400
761 923500
19 1600
645 616500
974 1349500
101 55000
753 841400
23 1700
229 80000
808 960100
84 13600
807 986700
289 123700
993 1366900
727 778000
778 897300
101 55200
217 71900
467 351900
751 798700
2598 8904000
929 1206400
646 688300
936 1246200
688 721200
880 1083800
833 956200
665 632200
240 124600
9 800
7 600
205 66200
988 1355100
541 447100
524 402500
344 171000
816 981000
866 1028400
755 866300
561 475900
601 561600
970 1295300
12075 232639600
500 379700
287 125400
310 145300
994 1366400
44 4600
20 1700
302 163800
27 2300
185 55100
360 196500
828 983900
876 1144300
483 358200
744 779900
361 185500
863 1018800
276 129200
781 886400
829 956300
137 31600
468 336800
966 1295900
652 619400
194 82000
300 132700
789 897400
427 285400
76 11600
975 1325000
385 219000
749 767100
215 70000
101 18200
231 81000
512 397600
181 76200
318 145800
198 60700
703 732700
391 215300
708 743500
168 44800
757 812900
784 828000
896 1080100
959 1237500
513 372000
900 1093400
301 133600
543 411200
93464 11136243100
850 1329700
206 61200
98663 12373580400
95 15800
621 559500
443 334000
931 1217400
309 203500
215 65200
711 720600
22 1700
509 410600
155 35800
729 944200
69 9200
530 456700
903 1120500
648 601200
264 94700
937 1454700
635 587700
461 349100
834 1066500
607 578500
394 306600
254 88500
738 850200
737 857000
284 112600
671 751600
141 30800
715 768400
335 226000
938 1160400
371 254800
112 20200
427 311600
261 94400
673 736900
874 1026700
213 64200
568 522500
527 459600
36 3100
606 545900
305 185500
346 173300
365 198700
381 215100
600 696800
291 114600
746 850500
482 418600
311 177000
803 970600
95 17100
402 228600
341 170500
739 850100
679 661600
102 17200
177 45100
873 1083600
79 10700
383 264900
713 774400
713 769000
735 749700
51 5400
969 1417700
322 151000
468 329000
840 948900
333 221600
995 1430800
304 124700
120 99800
919 1176300
517 471600
287 111300
468 438900
