580 83100
210 24400
28 2800
628 80700
275 31000
214 23700
799 105100
860 118900
828 135800
175 19700
114 12000
54 5300
657 82800
798 171900
102 63900
877 120400
830 109000
189 22200
454 77300
195 21700
590 115100
542 180100
379 84500
296 42500
536 88700
356 71200
749 146900
326 39800
868 146800
141 18500
325 125000
829 151600
744 125900
473 60500
248 30700
922 136800
441 154300
538 84900
404 81300
775 137600
448 57200
460 59700
135 26500
193 80800
557 78400
216 27500
828 129100
156 17800
735 100200
395 45100
427 50500
90 9600
818 103300
896 115600
896 109800
999 209000
91649 18193500
21 2800
189 21700
259 29800
199 22700
593 110600
666 92700
27 3100
350 43600
273 33100
171 20000
976 256600
16 1700
549 191300
209 24600
471 77200
758 142800
355 69600
931 273900
966 129600
718 97200
490 65600
454 55700
46580 8505500
26 3800
543 76800
587 95300
962 121600
13 1400
323 37100
238 25700
355 45000
895 110600
443 51300
548 63800
428 48200
485 54900
19 1800
574 68000
33 3000
239 25300
249 26300
709 87900
911 108600
699 84800
617 72700
844 101600
938 113500
83 8400
117 11000
867 105100
948 115500
322 35900
275 30400
830 100300
337 38300
290 32500
945 116600
948 113600
660 78500
209 21900
654 77200
790 95400
42 4100
136 13800
135 13500
393 44900
170 17700
565 67500
533 61000
811 99600
152 15900
777 93900
213 22400
233 24100
550 63800
837 100900
807 94600
964 116800
582 67700
268 28100
691 81300
759 91300
262 27500
1000 120100
292 31900
613 71200
256 27500
613 72700
559 64400
338 37900
706 85700
947 115000
524 59300
563 65100
803 99200
116 11500
164 16800
92 8900
875 105600
854 102500
123 12200
990 121800
572 66600
349 38900
323 35100
30 2800
867 104000
958 115100
782 95900
437 50200
382 87600
196 52200
327 35700
292 32000
507 58700
480 53700
536 61900
871 107200
364 42300
432 48100
196 21000
492 57000
543 62500
781 94100
774 93800
447 49400
310 35100
358 40400
460 51300
190 20000
255 27700
926 109900
458 50200
974 118200
790 96200
667 79400
910 108500
68814 12888000
855 119700
84 9700
592 81800
933 125500
654 86000
922 123100
238 27700
537 68500
769 104500
843 110800
246 29300
245 28300
778 102000
656 87400
244 28800
656 87600
5 800
775 103600
71 8000
597 83900
573 73400
613 80800
150 22700
852 112500
124 14100
249 28700
903 159700
477 83000
313 108600
147 49600
452 82900
531 75800
904 127900
997 143700
539 73300
760 138800
584 96900
747 140900
190 32100
99 15800
719 101500
808 120300
146 17200
724 106200
450 75500
837 167300
875 166600
155 28100
694 116500
399 69200
947 175100
179 22300
192 23900
509 87000
55 6300
672 113500
922 146100
210 35100
193 29200
219 40900
903 171100
750 148500
127 22700
281 65900
734 124100
822 152900
151 21100
649 109200
74 8700
619 87000
992 144200
466 61300
649 88700
754 107100
843 118600
994 141000
361 81700
508 66000
621 85400
679 119800
804 142100
907 149900
94 12400
171 23500
528 93100
853 122300
256 31100
542 72900
469 68900
509 65900
496 61800
62482 12836000
261 82200
552 98100
527 88900
7 1100
301 50600
386 66900
678 155300
135 20700
783 198300
496 100000
257 36100
742 180900
130 15300
969 138900
641 88500
160 18100
139 16400
725 99900
41 4400
152 17200
20 2000
9 1000
962 128700
510 65600
914 122200
128 14700
924 124900
363 46400
191 22500
834 136100
922 123800
597 80700
312 38300
991 134700
628 83600
883 122100
322 39900
333 41000
833 111600
761 102000
19 2000
645 85800
974 131300
101 11300
753 125200
23 2300
229 27800
808 110300
84 9400
807 105200
289 35400
993 135000
727 96200
778 102000
101 11000
217 24100
467 57100
751 176600
2598 616300
929 144000
646 92200
936 138200
688 102800
880 132900
833 117100
665 92100
240 29500
9 2100
7 7700
205 27100
988 157900
541 74100
524 75200
344 75400
816 123000
866 128100
755 111500
561 73100
601 86000
970 138400
12075 2076100
500 69300
287 36400
310 62800
994 165500
44 5000
20 2200
302 38100
27 3100
185 22000
360 44400
828 111700
876 119000
483 60100
744 99300
361 43800
863 115300
276 33600
781 134800
829 133300
137 15600
468 58400
966 129700
652 88400
194 23000
300 37600
789 106200
427 52400
76 8700
975 130800
385 47700
749 98700
215 24500
101 10500
231 26800
512 64700
181 21000
318 38400
198 23000
703 94100
391 48000
708 118400
168 19500
757 101300
784 106800
896 119000
959 129400
513 69500
900 117900
301 36900
543 69900
93464 18123900
850 124500
206 26000
98663 23542800
95 19100
621 117000
443 82100
931 163700
309 42200
215 26700
711 106200
22 2600
509 71500
155 20100
729 106400
69 13300
530 108800
903 163800
648 123100
264 47600
937 148900
635 349700
461 80900
834 355900
607 160200
394 61100
254 39500
738 113600
737 106300
284 40700
671 102800
141 17900
715 101700
335 42100
938 128800
371 48600
112 12500
427 54000
261 31600
673 92000
874 116700
213 24100
568 76800
527 68600
36 3800
606 85200
305 46600
346 56100
365 144800
381 72400
600 100900
291 67000
746 183400
482 80900
311 43200
803 130000
95 10200
402 53200
341 44200
739 98200
679 91600
102 11500
177 20400
873 116200
79 8700
383 46100
713 95200
713 99100
735 96400
51 5200
969 131100
322 40200
468 59000
840 110900
333 39800
995 134400
304 37900
120 13100
919 121700
517 64800
287 34900
468 58300
