136704 2727100
281952 2610700
102960 909400
1297920 15079500
4643730 46796500
3923478 36224200
1919580 17269800
324870 2889100
84672 813300
665280 6087800
4858656 46598900
6275550 58183200
3279810 28667600
409696 3467800
2906064 24022700
887964 7165000
1024860 8603900
468350 4124500
924545 8037600
3044517 25634700
3953124 33037300
2225232 19018000
4767072 39413300
853948 6984500
999375 9246500
5812500 48364400
133920 1134800
331272 2638500
1495368 12304100
33810 336300
305613 2684100
181440 1754300
345240 2817700
5585216 50402200
463008 3918800
331992 2872500
5685160 58043100
1165593 11128900
1272240 22703000
6105600 72128500
3465280 35399200
153272 1380400
358274 3199900
302068 3671600
7878 82800
791840 6971800
2822351 33203600
608494 6196100
36448 367200
756 15800
365904 3815600
881496 10186000
1138016 12981200
9541620 108828400
3840540 34019600
3870808 32777600
5968404 51628500
2505438 20402400
1089921 9629300
4203199 35520700
2593877 22693600
1230736 10289900
251930 2140800
2831360 23572300
92272 838600
2325050 19411400
3981120 33130000
6555856 55531100
4174821 40468300
6148068 65095000
504592 4506700
423808 3710900
1169256 10225100
328383 3298300
3700060 35977200
3700060 38026800
3700060 36990100
3700060 33550600
3700060 36963100
3700060 37992500
3700060 34130900
3700060 34600100
3700060 34612000
3700060 39456500
3700060 53855600
3700060 34286700
3700060 34554500
3700060 33045600
3700060 33519900
3700060 34641800
3700060 34433500
3700060 33536900
3700060 32491600
3700060 32325600
3700060 32752200
3700060 32226400
3700060 32017700
3700060 33392500
3700060 33965000
3700060 33948000
3700060 32286900
3700060 32147800
3700060 31463400
3700060 31371700
3700060 30605100
3700060 30800700
3700060 31805300
3700060 32197500
3700060 30529400
3700060 30260500
3700060 32283600
3700060 32449300
3700060 30926500
3700060 31680500
3700060 30794000
3700060 31181200
3700060 32354900
3700060 29760500
3700060 31352700
3700060 33304100
3700060 31502200
3700060 30576300
3700060 34912100
3700060 30765900
3700060 30984000
3700060 30188200
3700060 30430100
3700060 38071300
3700060 32714600
3700060 39916600
3700060 53021500
3700060 38146900
3700060 33456000
3700060 31069000
3700060 31507100
3700060 33633200
3700060 31180700
3700060 30691800
3700060 31026900
3700060 34700300
3700060 32362200
3700060 31870600
3700060 31667800
3700060 34316400
3700060 30414000
3700060 31456500
3700060 33383200
3700060 30460200
3700060 33213800
3700060 30458500
