201 96191600
52 1710400
32 376200
2 2600
97 10375200
256 165142500
64 2617400
64 2660600
2 2000
105 10629800
148 29143800
161 39001000
16 79500
64 2427200
196 70656300
189 80756000
248 152655800
64 2626200
72 3639000
252 150415500
195 67798500
8 7600
225 110108500
32 311000
16 70000
147 33700300
8 13600
49 1158000
4 2700
116 17672700
238 135305200
16 43800
32 347400
16 47300
125 17728500
138 24031200
170 48388400
16 113400
64 2388800
65 3621300
8 7100
8 6600
4 2400
32 392200
2 1300
76 4026800
128 18956400
178 51873000
2 1500
216 92957100
64 2385100
512 1264352700
92 7333900
184 57367000
168 64683700
16 51300
2 1500
186 69973700
32 386400
8 7600
241 175486400
192 67559400
118 15509100
243 171439500
128 26327200
8 8600
18 65800
27 212300
256 178100000
240 147994700
103 10553600
130 21780000
223 119498200
512 1284210300
512 1303868300
