136704 2512400
281952 3589900
102960 973600
1297920 13185000
4643730 49936600
3923478 44308800
1919580 18157200
324870 3086800
84672 822500
665280 6334600
4858656 43723000
6275550 57716000
3279810 28995500
409696 3931600
2906064 26810000
887964 8155900
1024860 9092800
468350 4261500
924545 8359100
3044517 26884800
3953124 35097000
2225232 19898200
4767072 42896900
853948 7343200
999375 8913300
5812500 53760800
133920 1213600
331272 2857500
1495368 13364200
33810 381500
305613 2934200
181440 1597800
345240 3131800
5585216 52627500
463008 4270600
331992 3085300
5685160 51859800
1165593 12332600
1272240 13812500
6105600 68789900
3465280 36761700
153272 1818000
358274 3722200
302068 3100300
7878 127800
791840 9227900
2822351 36629100
608494 6741800
36448 437200
756 13700
365904 3907200
881496 10997300
1138016 14934800
9541620 97294300
3840540 37384500
3870808 35593600
5968404 54942900
2505438 22404400
1089921 9817500
4203199 44574100
2593877 23010300
1230736 10873600
251930 2257700
2831360 25331600
92272 868300
2325050 21061600
3981120 35216800
6555856 59098700
4174821 37477800
6148068 57879600
504592 4651200
423808 3931400
1169256 10393400
328383 2915300
3700060 32765800
3700060 34392500
3700060 33478800
3700060 35239100
3700060 33935500
3700060 33377100
3700060 32932600
3700060 32588300
3700060 32507200
3700060 42345500
3700060 39151100
3700060 33294400
3700060 32852700
3700060 32823200
3700060 33921600
3700060 34851500
3700060 32851500
3700060 32987900
3700060 32487000
3700060 33302400
3700060 36377900
3700060 45739900
3700060 45092700
3700060 36958700
3700060 40566600
3700060 36856900
3700060 33426500
3700060 33839200
3700060 35062300
3700060 32920400
3700060 34585000
3700060 32746100
3700060 33667000
3700060 34450500
3700060 35716000
3700060 34938000
3700060 35484500
3700060 35697900
3700060 32628800
3700060 33041200
3700060 33247400
3700060 32973600
3700060 34700800
3700060 33177900
3700060 33138400
3700060 32738600
3700060 33262200
3700060 33877500
3700060 33338900
3700060 34723400
3700060 39861700
3700060 33888000
3700060 33290900
3700060 32937600
3700060 33765200
3700060 33711600
3700060 35803300
3700060 33777100
3700060 42354200
3700060 40231600
3700060 41034600
3700060 34623600
3700060 36537300
3700060 34168500
3700060 33130600
3700060 34458300
3700060 34459200
3700060 33379100
3700060 32665100
3700060 34846200
3700060 33016800
3700060 35562700
3700060 32624800
3700060 32557700
3700060 32837300
3700060 32486800
