64 2174900
239 138594500
8 7500
16 42800
102 9590900
131 19636100
64 2328200
8 7000
16 43100
16 43500
249 134495000
148 27776700
20 78800
64 2215900
128 17350200
188 55879700
32 371100
112 12378500
179 48906000
512 1185135000
4 2200
17 47200
239 115836500
256 159796600
201 68136400
68 2896100
242 124053500
233 112246900
64 2191300
64 2695300
191 66714100
64 2596100
66 3877900
512 1518399000
8 7700
256 146581100
16 52800
256 144915100
8 6800
32 361000
201 68172500
9 10100
223 96757100
8 11400
184 60385700
8 7400
58 1627900
110 11930400
120 15387600
62 2312900
100 8739900
197 65079700
256 144876200
22 124500
128 17359300
111 11799700
4 4000
160 34007100
242 123387400
170 42780000
134 20514000
4 4700
8 6600
165 43167400
127 16979300
182 49643000
64 2165800
102 9048200
128 17395500
159 32998800
10 13900
4 1800
128 19846100
256 143737100
4 4600
