512 661800
16777216 12549027500
2097152 1843475800
4096 5041200
2097152 1699250900
64 192500
262144 236772400
2097152 1689625900
64 180700
8 38600
32768 33331500
512 698800
32768 33731200
64 111900
8 13800
8 13000
16777216 14639789600
8 29700
262144 394309700
8 34400
512 851000
512 1500600
8 24400
512 828400
8 13900
4096 6338400
262144 310643900
8 26200
512 693900
262144 356486300
4096 7943200
512 1103700
512 1176900
2097152 2269501700
8 20700
16777216 16712787300
262144 415593800
32768 63642600
8 62500
8 50100
512 1951700
512 1522900
262144 381431200
64 286200
32768 49523500
4096 5896700
262144 345285000
512 716800
32768 56442200
512 1557700
8 31200
262144 333658100
4096 9879700
512 1097300
512 1580600
262144 399489400
262144 327776800
2097152 2051299100
16777216 13980032100
8 21000
2097152 2271045900
64 128300
32768 53193500
32768 62867400
64 211600
16777216 15116473900
8 16400
64 133100
4096 4714500
2097152 1836311400
8 20000
32768 34847400
2097152 1838824500
4096 4830100
262144 328985800
